image: warehouse_shelves.png
resolution: 0.05
origin: [-11.825000381469726, -17.874999618530275, 0.0000]
negate: 0
occupied_thresh: 0.65
free_thresh: 0.196